25 25 25 25
108
13 13
56 56 56
117 117 117
67
110
31 31 31 31
100
51 51 51
98 98 98
1
53 53
41 41 41 41
121 121
73
33
2
0 0 0
84 84 84 84
41 41 41 41
67 67 67 67
64 64
53 53 53
39 39 39 39
57 57
81
77 77 77 77
43
120
5 5 5
92
83
38
47 47 47
81
34 34 34 34
10 10 10
6 6 6
49
77 77 77
9 9 9 9
8 8 8 8
107 107 107
50 50 50
100 100
91 91 91 91
92 92 92
34 34 34
28 28 28
70
37
75
75
8
3
44 44 44
27 27
38 38
105 105 105
0 0 0 0
16
51 51
58 58 58 58
21
72 72 72 72
72 72 72 72
24 24 24
118 118 118 118
104 104 104
19 19 19 19
96 96 96 96
10 10 10 10
84 84 84
102 102 102 102
5 5 5
98 98 98
81 81
105 105 105 105
39 39 39 39
59 59 59 59
4 4
34 34 34
26 26
39 39 39
70 70 70
79 79
28
46 46 46 46
69 69 69
69
104 104
79 79
110 110 110
59 59
105 105 105 105
16
122 122 122
84 84 84
25 25 25 25
58
33
113 113 113 113
15 15 15
119 119 119
93 93 93
80 80 80
20 20
79 79 79 79
82 82 82 82
0 0
96 96 96
43 43 43
39 39 39 39
25 25 25
91
21
88 88
22 22 22
7 7 7 7
106
20
45 45 45 45
113 113 113 113
49 49 49
84 84 84
112
39 39 39 39
24
16 16 16 16
66 66 66 66
98 98 98
11 11 11
58 58 58
87 87 87 87
3 3
58 58 58 58
49
23 23 23
49
73 73 73 73
101 101 101
46 46
25 25
5 5 5 5
11 11
71 71 71
11 11 11 11
19
60 60 60
31 31 31 31
116 116 116 116
57 57
60 60
26
9 9 9 9
46 46 46 46
42 42 42
15 15 15 15
28 28 28 28
27 27
16 16 16 16
105 105 105 105
15
18
84 84 84
80 80
94 94 94 94
117 117 117
79 79
93 93 93
25
113 113 113 113
6 6 6
28 28 28
24
27
51 51 51
62 62 62
70 70 70
63 63 63 63
121 121 121 121
87 87
89
10 10 10
54 54 54
18 18 18
92 92 92
81 81
23 23 23 23
114 114 114
60 60
114 114 114
24 24 24 24
65 65 65
40 40 40
103 103 103
38 38
111
48 48 48 48
69 69 69
72 72 72 72
24 24
36 36
41 41 41 41
88 88
96 96
0 0 0
45 45 45 45
94 94 94
86
101 101
111 111 111 111
13 13 13
27 27 27
50 50
74 74 74 74
44 44
86 86 86
77
104 104
36 36
54 54
58 58 58 58
110
107 107
83 83 83
57 57 57
88 88
40 40 40 40
54 54
42 42 42 42
34 34 34 34
63 63 63
12 12 12 12
38 38 38 38
25 25 25 25
122 122 122
90 90
109 109 109 109
116 116
35 35 35
70
41 41
12 12 12
7
33 33
35 35
8 8 8 8
92 92
99
83 83 83 83
63
80 80 80
54
89 89 89
14 14 14 14
100 100
105 105 105 105
70
28 28
44
74
66 66 66
118 118
30 30 30
72 72 72 72
75 75 75 75
100 100 100 100
45
113 113
102 102 102
91 91 91
90 90
39
6 6
59 59 59 59
65
2 2 2 2
43 43 43
47 47
70
92
38 38 38 38
120 120
2 2
37 37 37
19 19
15 15 15 15
98 98 98 98
98
109 109
104 104 104 104
7 7 7
28
66
42 42
28 28 28
77 77 77
53 53 53
57 57 57 57
46 46 46 46
84 84 84
63
29 29 29 29
22
76
119
42
7 7
31 31 31
38
56
110 110 110 110
108 108
13 13 13
8 8
98 98 98
36
11 11
66 66 66 66
16 16
94 94 94
108
110
111
66 66 66 66
46 46 46
5
92 92 92
59 59
14 14
100 100 100
52
37 37 37 37
52 52 52 52
88 88 88 88
65
93 93
64 64 64 64
7 7 7 7
4 4 4 4
3 3 3 3
89 89 89 89
76 76 76 76
41 41 41
91 91
117 117 117 117
0 0
34 34 34 34
117
15 15 15
4 4
5 5 5 5
90
24 24
50 50 50 50
97 97 97
115 115 115
54 54 54
121 121 121 121
22 22 22
28
75 75 75
119 119 119 119
105 105
85 85
107
40 40 40 40
119 119
41 41 41
85 85 85
15 15
79 79 79 79
102 102 102 102
8 8 8
56 56
72 72 72 72
21 21 21 21
7 7
88 88 88
88 88 88
113 113 113 113
57 57
7 7 7 7
3 3 3
71
1 1
37 37 37 37
81 81
116 116 116
26 26
38 38 38
22 22 22 22
49 49 49 49
78 78 78
13 13
11 11
53 53 53 53
122
52 52 52
53 53
80 80 80
51
82 82 82
71 71 71 71
34
98 98
12 12 12 12
109
9 9
66 66 66 66
17 17 17
117
91 91
111
97 97 97
112 112
63 63 63
112
66
41 41 41 41
30 30
61
101 101 101 101
94 94
85 85 85 85
70
0 0 0 0
1
110 110 110
100 100 100
51 51
47
60 60 60 60
110 110
85 85
75 75
38 38 38
52
25 25 25 25
118 118 118 118
29 29 29 29
80 80 80 80
23 23 23 23
28 28
4 4 4 4
8
86 86 86 86
112 112 112
80
80 80
70 70 70 70
10 10
80 80 80
65 65
78 78
8 8
121 121 121 121
113
60 60 60
64 64 64
63 63 63
121 121
80
119 119 119
109
7 7
0 0 0 0
40 40
57
42 42
23 23 23
82
99
14 14 14 14
79
92 92
102 102
2 2 2 2
4 4
119 119
52 52 52
2
116
114 114 114
108 108 108
111 111 111
72 72
4 4 4
54 54
66 66
64
23 23 23
78 78 78 78
52 52 52 52
85 85 85
16 16 16 16
90 90 90
29
60 60
90 90 90
61 61 61 61
91
63 63
96 96
32 32
41 41 41
71
103 103
113
76
76 76 76
71 71 71 71
97 97 97
73 73 73 73
90 90
94 94 94
8
32 32 32 32
56 56 56
115 115 115
44 44
95 95
55 55 55
96
54 54 54
49 49 49 49
57 57 57 57
98 98 98 98
7 7
37 37 37
82 82
66 66
76 76 76
28
36 36
22 22 22
87 87
79 79
19 19
21 21 21 21
97
7
117 117 117 117
0
3 3 3
32 32 32 32
45 45
91
121 121 121 121
117 117
19
49
99 99
90 90
66 66 66
84 84
54 54
22 22
75 75
23 23 23 23
107 107
32 32 32 32
38 38 38 38
114
6 6 6
2
64 64 64 64
38 38 38 38
110 110 110 110
41 41 41 41
91 91
113 113 113
27 27 27
110 110
53 53 53 53
14 14 14
65 65 65 65
120 120
100
81 81
21
39 39 39
78 78 78 78
23 23
7 7
44 44 44
67
122 122
62 62 62 62
22 22 22
115 115 115
21 21
97
99 99 99
35 35 35 35
86 86
91 91 91 91
67 67 67
51 51 51
15 15 15 15
43 43
98 98 98 98
6 6 6
39 39
86 86
35 35
16
49 49
55
117 117
16 16 16
50 50 50
104
52 52 52 52
35 35 35 35
35
107 107 107 107
121 121
61 61
36 36 36 36
103
22
85 85 85
108 108 108 108
31
25 25
31
54 54 54 54
60 60 60
91 91 91 91
121 121 121 121
57
54
114 114 114
110 110 110
103 103 103
112 112 112 112
33
76
43
71 71
49 49
104 104 104 104
37 37
36 36
85
112 112
37
107 107 107 107
29 29 29
9
20 20 20 20
95 95 95 95
65 65 65
19 19
112 112 112 112
92 92 92 92
104
13
46 46
34
19
38 38 38 38
0 0 0 0
77 77
111 111
50 50 50 50
50 50 50
103
94 94
94 94
98 98 98
100 100 100 100
96
32 32
109 109
23 23
22 22 22
25 25 25 25
111 111
79 79
60 60 60 60
29 29
104 104
20
81 81
56
95 95 95
55 55 55 55
20 20 20
51 51 51 51
92 92
26
49 49 49
12 12 12
42 42
52 52 52 52
115
5 5
28 28 28
116 116
20 20
25 25 25 25
50 50 50 50
91
99 99 99 99
62 62
78
3
46 46
29 29
113 113 113
46 46 46
88 88 88 88
50
96 96 96 96
91
39 39
71 71
9
41
100
53 53 53
56 56 56
90 90
106 106 106 106
48
31
78 78
5
16 16
40 40 40 40
117 117 117
112 112
26 26 26
29
113 113 113
50
16 16
122
112 112
42 42 42
6 6 6
11 11 11 11
67 67
46 46
46 46
39 39 39
18 18 18
57
59 59 59
110 110
29 29 29
121
115 115 115
6
69 69
93 93 93
88 88 88 88
14
85 85 85
63 63 63 63
119
50 50 50
82 82
32 32 32 32
52 52 52 52
113 113
1
3 3 3 3
25
105 105 105 105
116 116 116 116
67 67 67 67
97 97
62
5 5 5 5
67 67 67 67
93
71 71 71
2
86 86 86
90
83
41 41 41 41
20 20
72 72 72 72
39 39 39
81 81
32 32 32
17
58 58
66 66 66
35 35 35 35
70
55 55 55
48 48 48
88
50
118 118 118
67 67 67 67
77 77
22 22 22 22
105 105
55 55 55 55
50 50
67 67 67
118 118 118
48 48 48
24
41
56 56 56
90
33 33 33
8 8 8 8
71
47 47 47
16
82 82 82
8 8 8 8
95
110
15 15
99
84 84 84
54
29 29
86 86 86 86
101 101 101 101
53 53
50
61
67 67
118 118 118
47 47
113
87 87
48 48
118 118 118
15 15
112 112 112
69 69 69
13 13 13
58 58 58 58
88 88 88
105 105 105 105
112 112 112
7 7 7
0
56 56 56 56
75 75
79 79 79
51 51 51
76 76
103
104 104 104
43
111 111 111
26 26
18 18 18 18
8
57
106 106
121 121 121 121
104
107 107 107
27 27 27 27
24 24 24 24
3
111
118 118 118
70
3 3 3 3
61
43 43 43
24
71
18
35 35
31 31 31 31
71 71 71
17 17 17
109
40
7 7
66 66
89 89 89 89
29
27 27 27
30 30 30 30
71 71 71
100
113 113
58 58
71 71 71 71
37 37 37 37
48 48 48 48
5
113
104 104
36 36 36
0 0
92 92
31
74 74 74 74
59 59
77 77 77
86 86
11 11 11 11
80 80 80
55
20
50
87 87 87 87
39 39
119 119 119
60 60
46 46 46
99
62 62 62 62
31
99
5 5 5 5
9 9
17
16 16
10
40 40 40
81 81 81
13 13 13
100
55 55
18
51 51
64 64 64
70 70 70
49 49
119 119
103 103
72 72 72 72
39 39 39 39
42 42 42 42
80 80
89 89 89
14 14
109
32 32 32
77 77
116 116 116
20 20
80 80 80
18 18
11 11
7 7 7
34 34 34
95
18
4 4
115 115
20
103
20 20
94
47 47 47 47
96 96
21 21
98 98 98 98
94
85 85 85
12 12 12 12
38 38 38 38
118 118 118
115 115
87 87 87 87
22 22
0 0 0 0
91
10
73 73 73
111 111 111
62 62 62
1 1 1
25 25 25 25
66
32 32
100 100 100
109
107 107
84 84 84 84
6 6 6
94 94 94 94
9 9
35 35 35
115
1
76 76 76 76
64 64 64
73 73 73
